entropy:0.996316519558962 
error:0.5357142857142857