error(train):0.24161073825503357
error(test):0.2289156626506024